//校园平面图绘制点
1
748.9905
485.3996
B644B1
2
748.9905
479.1491
B644M1
3
725.4686
479.1491
B644M1
4
725.4686
329.7830
B644M1
5
749.4857
329.7830
B644M1
6
749.4857
322.2824
B644M1
7
781.0151
322.2824
B644M1
8
781.0151
350.0345
B644M1
9
771.2560
350.0345
B644M1
10
771.2560
458.4314
B644M1
11
782.5252
458.4314
B644M1
12
782.5252
485.4334
B644C1
13
897.6988
484.8239
B644B1
14
897.6988
579.3586
B644M1
15
749.1435
579.3586
B644M1
16
749.1435
517.4219
B644M1
17
774.5655
517.4219
B644M1
18
774.5655
536.1378
B644M1
19
864.8804
536.1378
B644M1
20
864.8804
484.8919
B644C1
21
864.9519
326.1957
B644B1
22
897.4569
326.1957
B644M1
23
897.4569
232.2625
B644M1
24
749.1068
232.2625
B644M1
25
749.1068
293.2974
B644M1
26
775.2076
293.2974
B644M1
27
775.2076
274.5828
B644M1
28
865.3809
274.5828
B644M1
29
865.3809
326.1957
B644C1
30
536.8722
448.9976
B644B1
31
536.8722
426.2166
B644M1
32
540.6229
426.2166
B644M1
33
540.6229
373.0768
B644M1
34
537.3638
373.0768
B644M1
35
537.3638
350.7889
B644M1
36
569.2478
350.7889
B644M1
37
569.2478
346.3039
B644M1
38
640.3070
346.3039
B644M1
39
640.3070
349.8308
B644M1
40
649.4623
349.8308
B644M1
41
649.4623
344.8526
B644M1
42
710.2284
344.8526
B644M1
43
710.2284
454.4409
B644M1
44
650.2115
454.4409
B644M1
45
650.2115
449.6912
B644M1
46
640.2887
449.6912
B644M1
47
640.2887
453.7103
B644M1
48
568.4541
453.7103
B644M1
49
568.4541
449.5965
B644M1
50
536.8722
448.9976
B644C1
51
598.6052
424.3002
B644B1
52
640.9839
424.3002
B644M1
53
640.9839
426.4937
B644M1
54
649.0147
426.4937
B644M1
55
649.0147
424.3745
B644M1
56
658.3496
424.3745
B644M1
57
658.3496
376.7477
B644M1
58
648.6584
376.7477
B644M1
59
648.6584
373.8676
B644M1
60
640.4912
373.8676
B644M1
61
640.4912
376.5877
B644M1
62
598.7711
376.5877
B644C1
63
492.9259
272.5365
B644B1
64
492.9259
221.9264
B644M1
65
523.3180
221.9264
B644M1
66
523.3180
234.1248
B644M1
67
659.9529
234.1248
B644M1
68
659.9529
224.0027
B644M1
69
691.6439
224.0027
B644M1
70
691.6439
274.6128
B644M1
71
659.9529
274.6128
B644M1
72
659.9529
265.7885
B644M1
73
604.6236
265.7885
B644M1
74
604.6236
270.4602
B644M1
75
610.6905
270.4602
B644M1
76
610.6905
301.4613
B644M1
77
568.1989
301.4613
B644M1
78
568.1989
269.1895
B644M1
79
573.9148
269.1895
B644M1
80
573.9148
265.6175
B644M1
81
523.9466
265.6175
B644M1
82
523.9466
273.8881
B644M1
83
492.8950
273.8881
B644M1
84
492.8950
272.5365
B644C1
85
488.3771
578.9784
B644B1
86
518.3700
578.9784
B644M1
87
518.3700
571.1250
B644M1
88
655.7045
571.1250
B644M1
89
655.7045
581.0918
B644M1
90
685.7636
581.0918
B644M1
91
685.7636
529.9840
B644M1
92
655.7238
529.9840
B644M1
93
655.7238
539.2699
B644M1
94
596.0885
539.2699
B644M1
95
596.0885
534.5073
B644M1
96
603.2694
534.5073
B644M1
97
603.2694
507.3351
B644M1
98
567.1364
507.3351
B644M1
99
567.1364
534.1675
B644M1
100
575.0458
534.1675
B644M1
101
575.0458
539.5745
B644M1
102
518.2007
539.5745
B644M1
103
518.2007
528.1652
B644M1
104
488.4367
528.1652
B644M1
105
488.4367
578.9784
B644C1
106
892.5572
640.5969
B644B1
107
892.5572
681.7935
B644M1
108
925.3106
681.7935
B644M1
109
925.3106
661.5878
B644M1
110
920.5190
661.5878
B644M1
111
920.5190
640.7379
B644C1
112
682.6424
772.3398
B644B1
113
682.6424
731.6209
B644M1
114
892.1802
731.6209
B644M1
115
892.1802
681.7935
B644M1
116
949.1611
681.7935
B644M1
117
949.1611
762.3116
B644M1
118
919.8566
762.3116
B644M1
119
919.8566
772.0713
B644C1
120
675.3052
731.6209
B644B1
121
716.8199
731.6209
B644M1
122
716.8199
625.6190
B644M1
123
673.9485
625.6190
B644C1
124
519.6767
765.5172
B644B1
125
558.2205
765.5172
B644M1
126
558.2205
768.5050
B644M1
127
619.0542
768.5050
B644M1
128
619.0542
765.9087
B644M1
129
645.1494
765.9087
B644M1
130
645.1494
644.5495
B644M1
131
618.5681
644.5495
B644M1
132
618.5681
647.1267
B644M1
133
546.2031
647.1267
B644M1
134
546.2031
644.2042
B644M1
135
519.2880
644.2042
B644C1
136
546.6455
725.0195
B644B1
137
546.6455
682.1486
B644M1
138
619.2219
682.1486
B644M1
139
619.2219
725.6570
B644M1
140
546.6455
725.6570
B644C1
141
324.4917
642.8934
B644B1
142
324.4917
586.9973
B644M1
143
417.4159
586.9973
B644M1
144
417.4159
622.6824
B644M1
145
425.3176
622.6824
B644M1
146
425.3176
643.2092
B644C1
147
345.9366
764.4067
B644B1
148
345.9366
773.5380
B644M1
149
428.6767
773.5380
B644M1
150
428.6767
741.3792
B644M1
151
422.0713
741.3792
B644M1
152
422.0713
702.5695
B644M1
153
456.4498
702.5695
B644M1
154
456.4498
670.7228
B644M1
155
346.1730
670.7228
B644M1
156
346.1730
731.2031
B644C1
157
136.5598
669.1301
B644B1
158
222.6409
669.1301
B644M1
159
222.6409
703.8638
B644M1
160
160.9179
703.8638
B644M1
161
160.9179
743.4899
B644M1
162
219.9227
743.4899
B644M1
163
219.9227
731.2031
B644M1
164
345.9366
731.2031
B644M1
165
345.9366
764.4067
B644M1
166
308.0398
764.4067
B644M1
167
308.0398
770.9451
B644M1
168
248.5149
770.9451
B644M1
169
248.5149
764.5312
B644M1
170
222.9338
764.5312
B644M1
171
222.9338
769.4052
B644M1
172
136.6222
769.4052
B644M1
173
136.6222
753.5798
B644M1
174
131.2681
753.5798
B644M1
175
131.2681
701.0947
B644M1
176
137.0942
701.0947
B644C1
177 //大学生活动中心
291.9966
15.0011
B644B1
178
291.9966
98.7770
B644M1
179
331.8410
98.7770
B644M1
180
331.8410
96.6670
B644E1
181
331.8410
96.6670
B644B2
182
352.6657
63.3830
B644E2
183
352.6657
63.3830
B644B1
184
401.2579
63.0110
B644M1
185
401.2579
15.0011
B644M1
186
291.9966
15.0011
B644E1
187 //体育教研部
106.5977
420.6590
B644B1
188
111.9547
423.4394
B644M1
189
139.1501
423.4394
B644M1
190
139.1501
372.1640
B644M1
191
106.7851
372.1640
B644C1
192 //宿舍
97.7759
93.6913
F555B1
193
169.5878
93.6913
F555M1
194
169.5878
65.2930
F555M1
195
96.8148
65.2930
F555M1
196
96.8148
93.6913
F555C1
197 //左废墟
630.4086
14.2981
F555B1
198
630.4086
56.0399
F555M1
199
791.5205
56.0399
F555M1
200
791.5205
14.2981
F555M1
201
756.1702
14.2981
F555M1
202
756.170
22.2184
F555M1
203
666.4017
22.2184
F555M1
204
666.4017
14.0841
F555C1
205 //右废墟
411.3786
14.6308
F555B1
206
411.3786
55.2189
F555M1
207
573.0374
55.2189
F555M1
208
573.0374
14.6308
F555M1
209
536.7892
14.6308
F555M1
210
536.7892
21.7077
F555M1
211
447.4186
21.7077
F555M1
212
447.4186
14.3108
F555C1
213 //食堂，杏园S233
191.6052
94.8593
S233B1
214
189.1566
92.1506
S233M1
215
189.1566
37.4757
S233M1
216
195.3645
32.4952
S233M1
217
195.3645
15.1944
S233M1
218
272.1762
15.1944
S233M1
219
272.1762
32.3927
S233M1
220
278.2105
37.3733
S233M1
221
278.2105
90.9189
S233M1
222
273.2273
94.7636
S233M1
223
191.6052
94.8593
S233C1
224 //科原S233
830.8846
14.7915
S233B1
225
830.8846
65.7362
S233M1
226
928.5222
65.7362
S233M1
227
928.5222
14.9270
S233M1
228
893.9422
14.9270
S233M1
229
893.9422
33.6248
S233M1
230
865.0577
33.6248
S233M1
231
865.0577
15.6044
S233C1
232 //浴池S233
97.6067
44.6919
S233B1
233
168.6963
44.6919
S233M1
234
168.6963
17.1244
S233M1
235
106.1938
17.1244
S233M1
236
97.8882
24.2976
S233M1
237
97.8882
44.6919
S233C1
238 //停车场T777
154.7047
198.7288
T777B1
239
154.7047
145.0249
T777M1
240
329.2721
145.0249
T777M1
241
341.1658
161.0262
T777M1
242
341.1658
198.5047
T777C1
243 //网球，篮球L000
376.0174
511.8750
L000B1
244
464.1637
511.8750
L000M1
245
464.1637
214.9155
L000M1
246
375.3383
214.9155
L000C1
247 //跑道上侧
174.1951
479.6676
P000B3
248
174.7341
483.9021
P000M3
249
175.9754
493.6559
P000M3
250
182.2931
510.9431
P000M3
251
195.0420
529.4588
P000M3
252
213.8966
544.0914
P000M3
253
232.1558
548.6634
P000M3
254
245.2671
549.6985
P000M3
255
255.6835
549.3396
P000M3
256
265.7436
550.2483
P000M3
257
276.9715
547.0095
P000M3
258
289.1935
544.2444
P000M3
259
300.2060
536.2005
P000M3
260
310.2910
528.2357
P000M3
261
317.2963
518.3289
P000M3
262
323.4949
507.7310
P000M3
263
327.0405
496.7888
P000M3
264
329.8288
487.6186
P000M3
265
329.6218
482.6014
P000M3
266
329.5452
480.7453
P000E3
267 //跑道下侧
174.1951
332.5463
P000B3
268
174.6444
329.7630
P000M3
269
175.5076
324.4158
P000M3
270
178.2873
317.1343
P000M3
271
181.1128
310.1918
P000M3
272
183.9090
303.3226
P000M3
273
187.9892
296.5690
P000M3
274
193.1631
290.3150
P000M3
275
199.1121
284.1896
P000M3
276
205.6759
278.9304
P000M3
277
212.5400
274.7481
P000M3
278
219.1963
271.6067
P000M3
279
225.9590
268.8719
P000M3
280
233.2223
267.5072
P000M3
281
241.2259
267.0412
P000M3
282
250.0031
267.2156
P000M3
283
259.7446
267.0409
P000M3
284
270.9378
267.6051
P000M3
285
282.1174
270.6386
P000M3
286
292.8465
275.4045
P000M3
287
300.5792
281.0093
P000M3
288
307.4919
287.0519
P000M3
289
313.0088
292.8626
P000M3
290
318.1705
300.1223
P000M3
291
322.9678
308.3789
P000M3
292
326.7117
317.9161
P000M3
293
329.8173
327.2102
P000M3
294
329.5108
332.9043
P000M3
295
329.3784
335.3641
P000E3
296 //跑道左侧
174.1951
479.6676
P000B1
297
174.1951
332.5463
P000E1
298 //跑道右侧
329.3784
335.3641
P000B1
299
329.5452
480.7453
P000E1
300 //足球场左侧
209.6091
464.4379
L000B1
301
209.6091
349.5505
L000E1
302 //足球场右侧
295.3633
355.2921
L000B1
303 
295.3633
465.1626
L000E1
304 //足球场上侧
295.3633
465.1626
L000B3
305
294.3470
468.8495
L000M3
306
292.1599
476.7835
L000M3
307
286.1298
487.3446
L000M3
308
279.0817
494.7277
L000M3
309
272.7846
498.8047
L000M3
310
267.8643
501.0994
L000M3
311
263.3646
502.5090
L000M3
312
259.7939
503.5560
L000M3
313
256.6117
503.3069
L000M3
314
253.3641
503.9339
L000M3
315
249.1021
503.2966
L000M3
316
244.2089
503.1852
L000M3
317
239.0329
501.3207
L000M3
318
233.5429
499.2652
L000M3
319
228.2067
495.8189
L000M3
320
222.6134
490.8356
L000M3
321
217.5025
484.1538
L000M3
322
212.7205
476.8494
L000M3
323
210.0489
470.0567
L000M3
324
209.7267
465.9408
L000M3
325
209.6091
464.4379
L000E3
326 //足球场下侧
209.6091
349.5505
L000B3
327
210.0554
347.3970
L000M3
328
211.0572
342.5630
L000M3
329
213.5161
336.1343
L000M3
330
217.5705
330.2010
L000M3
331
222.8047
324.2748
L000M3
332
229.5801
317.9783
L000M3
333
237.6754
314.4440
L000M3
334
244.7778
312.2817
L000M3
335
251.0680
312.8203
L000M3
336
258.1300
312.4022
L000M3
337
266.7822
314.2000
L000M3
338
277.0193
320.8306
L000M3
339
286.5742
331.2324
L000M3
340
293.9562
343.4052
L000M3
341
294.9637
351.9166
L000M3
342
295.3633
355.2921
L000E3